Taille du carré : Lancement algorithme incomplet
498468	 513400	497458	485626	478042	502896	448579	493227	503264	483092	501805	524348	490322	545865	538994	509721	474047	498202	531486	485214	485947	456758	484242	556843	458979	535821	542097	527976	487760	467850	474345	531773	494104	473328	465164	547624	477054	444007	500206	514874	519069	517836	470867	516650	493663	474697	559563	482648	502227	456180	498543	498656	563625	473827	485726	489778	501430	500991	483905	486567	511168	505780	520827	468373	520485	490556	499975	460666	507771	486183	494974	474082	487457	526538	469017	497416	486751	474970	561595	507570	502248	544767	535044	487724	529429	508450	512698	494113	508316	489617	497282	499501	526176	493721	492427	495440	546815	543509	467765	484883	484133	488969

545445	 6561	7578	7597	695	7587	3104	8478	2892	2045	7703	9110	7518	8130	2282	4158	9390	5330	9385	5287	9669	5859	5648	703	8320	5199	7486	6359	4315	2154	894	8659	8590	8159	1391	5811	5401	4814	8136	5592	8202	2287	1085	9311	7736	3624	597	5487	2585	2075	8790	349	1622	4131	3365	2255	1643	6502	7427	5980	4599	6817	5748	1024	2251	1755	5119	6724	3834	8286	6390	2123	7348	6796	8278	1351	4147	8595	8853	4205	3153	9139	8761	9826	9015	6841	7073	9879	4028	8252	4087	9201	2024	3429	6899	5936	5226	1030	5917	4596	3848	
551525	 6318	1743	8349	5862	1870	8485	7581	8700	7634	9132	8658	7619	1725	9571	5688	9384	243	2802	354	4805	667	8120	2463	6368	5426	2441	4646	8779	8744	7585	2686	9988	4732	6080	5743	3556	8460	2411	9423	3391	3838	7461	1414	8756	114	8673	9786	1241	6375	6622	8313	8999	8123	3483	6603	5880	1288	5138	733	5229	8203	5615	9008	2124	1875	2167	3115	1739	6995	9817	7985	9034	6157	9983	1383	2616	8241	8678	7501	3243	2384	1268	3631	4689	6762	7519	4885	6069	637	898	6097	7383	3623	869	8307	6938	5168	6925	7515	8178	
473463	 8321	5727	5500	1436	7369	505	6670	6638	6594	6217	9902	5483	3423	8983	6223	7768	856	8538	980	2791	4410	6558	7495	4776	7949	6407	3231	579	4971	6350	3407	9088	1088	1369	3126	4358	6115	8767	3981	9595	4841	2674	3188	9055	2428	4918	6932	8948	2486	2837	6913	9834	1277	2114	723	1038	2431	1953	6091	2323	5085	3726	6904	9962	4647	99	2322	2582	3588	9056	7362	391	7052	2326	3687	1871	9802	6309	3513	7950	214	4517	36	2747	5282	3620	7110	3650	4003	3767	7588	5495	4721	4206	2228	854	6764	778	6804	4297	
528103	 5603	7856	9107	7136	3534	7739	3530	1809	595	5444	5758	2980	2520	5837	2467	6051	2926	5404	8458	3070	59	2041	8466	9867	690	5512	5060	4815	9832	2198	5412	6196	5584	8830	3260	3014	2984	207	3649	6970	8626	9054	1801	4016	8913	6707	1047	9763	2550	9188	3761	7894	934	7182	9932	1733	1061	9307	6032	9713	1336	4305	7987	9547	6942	7038	8872	1343	9469	2319	7266	162	9439	7338	1057	1384	6404	4068	7265	5874	8699	8878	3797	3663	861	4367	528	6605	1074	9672	5069	9223	4403	982	8304	2074	8364	6062	9065	5314	
517753	 9349	7143	1071	1063	1601	3852	2013	2730	435	3093	4686	5839	4606	8385	9262	3840	4110	2970	9607	3484	8808	3431	279	7467	5036	9380	6189	4858	855	335	2949	9847	8520	70	6695	5569	8785	472	9586	9940	9493	4336	5439	5214	4923	4557	2790	1046	205	8792	1600	8074	8997	7600	7150	4091	4685	6531	8233	8408	4432	8841	8182	7340	573	3471	3310	6192	3159	5567	708	4703	6037	9782	3283	1637	2648	5535	576	2875	6022	2622	3535	5248	9131	8649	6735	5313	9249	9352	9270	7866	9488	4099	230	6352	2461	858	6544	5504	
501788	 749	6631	9769	8962	6495	7428	371	6962	300	8357	5221	4550	1395	3539	6248	2269	9997	5242	6438	8044	7601	4088	4370	8323	9767	4448	7149	8738	9289	9925	4225	7660	614	6640	9619	7764	8246	3388	4380	2105	1989	6272	1519	7890	1732	4604	6229	9313	9849	8869	30	2136	4338	2192	8981	333	131	193	6839	8456	396	3561	1583	2590	6326	1803	7673	5565	566	4217	5058	4580	8951	3843	2100	2381	4058	4371	3518	948	6538	6941	7691	9093	9441	9806	4745	5277	1835	8249	1158	1663	920	2775	4471	1130	1920	9053	882	4911	
519629	 9948	334	7677	12	3820	9620	7165	7024	5409	1367	7721	2742	6152	7794	2283	6518	9041	4722	6816	282	2071	5666	431	1374	5501	7219	8213	204	3247	5860	8777	2371	8163	1011	760	7189	820	6055	4811	9332	2054	5612	7643	4389	7947	1291	5563	5127	7887	4216	8765	9257	267	8633	1789	4498	9946	3023	6680	827	6402	5794	9026	3057	8400	1520	6316	7402	8152	987	2624	7849	6336	1869	3163	5571	5179	8939	3425	9372	6410	7034	9724	4977	6788	8027	4267	1025	9387	5941	4991	2934	7368	8463	3711	4066	41	2414	8846	896	
550980	 8016	2412	7740	5052	3964	5424	7060	4803	6683	1572	9446	9780	4495	6512	5580	6768	6086	7775	2139	7542	1143	6551	376	4922	6078	5888	2853	2374	5488	2193	717	7472	8965	1422	7903	4854	9246	5207	4799	7860	9684	5744	7274	1404	9926	6346	9944	2034	2925	7007	6556	3995	6444	3257	5269	523	6490	7817	2274	9524	8607	7433	1193	6135	4335	5892	2971	6649	6190	3191	1012	1225	6992	5097	8875	6919	8906	9664	2116	3138	5466	3041	1483	3292	3894	9082	6882	8919	5263	707	4236	9953	3958	6967	9938	9869	5336	870	9456	6231	
516360	 9795	9532	3953	1690	3146	8707	7156	1184	1104	8390	4735	1438	1442	1769	3517	4900	4280	6323	6896	9674	5827	7829	8624	5023	8004	913	8422	1701	2744	4806	6501	674	1656	2221	6314	4753	6234	7123	2095	4075	2470	3691	5103	8060	495	5820	7482	681	8630	1710	4387	2976	6298	1205	9725	2056	9603	4337	4120	6585	8831	9875	7704	8314	7573	392	4951	2748	6137	7914	6525	6315	7118	2157	5817	6546	3720	9650	57	7809	7359	9163	1349	5320	1112	2706	6949	911	6540	7708	5503	3173	8496	7727	281	659	5499	9079	7898	8171	
530492	 3133	4405	6759	9196	4014	1070	5480	474	394	2225	3011	3080	8301	1842	4084	3835	8254	3706	4327	9322	9537	4649	7964	4871	8572	8121	5284	8713	9169	609	8796	6574	7529	7835	9917	2376	9823	5920	3493	20	1693	7936	4988	9800	181	3856	1944	8068	7900	1170	3468	9629	739	2592	198	165	3760	419	4824	5358	3442	7238	8359	4564	7028	9557	1512	2245	1353	9494	586	7993	6863	3100	6475	1821	8333	8240	9574	135	7536	4644	5739	9617	5163	8071	1431	140	9929	9773	9761	4747	5301	8412	6325	5808	5394	6940	7410	5067	
537705	 4931	5513	7300	3733	8725	2932	1746	5692	8343	8119	6290	6744	5485	8405	7628	9247	7804	8033	6258	3169	5206	570	2889	5791	6448	4184	4638	5140	627	1968	8752	4642	3559	7690	9076	2295	6389	5778	7693	4429	3992	2413	9943	2563	6016	9637	6977	9683	2348	1856	7959	5256	4378	6727	1687	9277	6630	4707	650	9889	9120	6655	1511	3005	7458	2721	4276	698	7178	8315	5297	7391	3382	1094	2141	2766	5641	4134	8243	8592	7609	1780	5160	4353	4996	372	9572	5515	8842	3683	6105	1106	3086	7281	7806	8526	2044	1958	10000	1844	
482689	 2183	9735	2480	4287	5357	6993	3129	5644	9411	5105	8153	4391	2152	4064	9368	929	2353	4581	3788	9220	7758	3514	6177	8718	4037	9030	7044	1155	4861	1839	2125	4247	4943	286	3238	1515	139	8029	1876	5057	8825	5212	6168	9906	3285	5577	4535	5472	3269	5510	79	8025	8051	5026	6981	801	1766	7559	1064	4312	3367	2363	5417	50	4416	7543	8511	2148	5441	7455	8326	2033	6795	781	8555	6848	809	4359	8032	6790	4982	6884	2097	9531	7099	6045	1138	1306	9839	6396	1013	3393	4511	9404	5785	2211	179	654	8256	1593	
477107	 7408	1313	4464	2678	4939	1340	3402	6547	8880	5133	7320	9399	2843	4321	323	2223	1039	5831	4152	9397	2207	3045	4538	3377	8741	4031	9068	1390	9252	6463	9031	466	2761	1377	3125	5081	2284	8085	7425	808	8075	6584	112	7107	1823	9087	4715	5398	6927	5754	1971	3155	2465	8229	9115	2389	476	4306	6885	1076	6369	1215	3219	6699	9419	5275	5093	1016	8064	6294	8928	158	3140	6548	5114	4573	28	9486	121	6353	8574	7252	1137	890	7371	7058	9339	1619	514	5413	7442	8108	2687	357	769	7514	6686	8784	5804	1521	
480075	 5054	6961	9831	4641	3621	4150	1723	2876	2659	4010	4928	9	8201	1955	6020	1335	5021	9562	3203	7412	465	9696	5333	3248	2308	5961	2531	691	6026	8621	4434	7537	283	3511	9391	2922	1005	9718	8544	1166	2395	1972	8258	2579	6902	6497	8427	9429	2856	1316	7850	9907	2004	7810	7521	710	5937	8113	5380	4547	373	6857	234	6457	977	5856	799	9552	1365	6478	831	676	5290	6703	9297	661	6235	9871	8677	1302	7516	5842	553	7160	511	2972	2727	8550	1631	3957	6088	5452	6285	7963	2539	6756	2933	6600	4976	3600	
542541	 508	9754	3381	5123	8912	5838	9900	5906	4850	2944	3907	6559	6222	5024	2176	2707	8522	9192	4609	7909	3732	6009	9807	5196	7840	9621	8268	9567	7380	236	3288	8398	5789	5116	8018	5184	1034	8918	9602	4522	2608	4365	8655	725	9435	7834	4509	9214	611	8979	4019	6951	1590	240	1677	8283	6173	3853	8206	7079	5247	9477	8535	3741	2914	5863	6470	6871	7162	3439	2724	1488	2851	2867	9979	4793	164	4780	2222	4759	9803	782	2778	7530	3276	5086	9316	9673	2999	4349	535	4792	6030	7218	3052	4307	4896	2368	1315	9616	
451794	 7982	4909	1222	4961	1615	6736	8694	7141	3245	6887	2272	4837	8416	8127	7637	1015	5854	7285	5157	5147	2996	5420	5202	5075	6647	5139	3230	1893	3560	4396	8317	4643	147	7697	2213	6452	8599	1988	1863	4214	5124	7669	9727	4831	835	6819	1724	6018	2197	7356	8993	631	176	5422	2559	2008	6397	846	3552	3742	3239	325	9655	68	9393	608	630	4865	6210	6100	1435	8447	3215	1738	113	6281	6278	9796	2017	2477	9866	6365	4559	2613	8417	821	4739	5352	4967	2549	3156	3951	7122	572	1866	320	4736	441	5525	5511	
437767	 5876	1964	8597	4816	7540	5545	1444	2759	3284	102	3062	2675	2405	2768	3117	8901	8491	9173	832	1021	7173	2662	363	2801	5660	3270	2784	2030	3712	9127	5494	2625	6220	8576	1586	5741	2617	3860	7875	6578	4595	636	1132	9421	1552	5918	6096	7657	1945	7226	6947	8650	84	1764	6823	7370	8340	6391	4828	2725	7417	5792	5642	3277	3214	352	5750	8006	7243	529	796	1372	8925	109	6623	8037	161	1117	4122	7595	2774	1486	7920	18	2336	3982	4030	4727	1973	8305	156	2330	307	7234	8805	633	4334	4385	1240	9487	
483443	 7345	2831	9090	439	5713	1697	6608	5593	2868	6276	9654	7235	8188	2743	2518	2692	174	153	4142	5349	6454	3740	4125	1171	1963	253	9947	4114	1350	4655	4029	3777	730	7361	3405	5265	6406	2600	875	8069	4423	2522	7295	9258	1124	67	8879	5925	7590	9491	9170	810	369	3068	9711	4227	8020	693	4488	4910	5430	2151	3060	7280	3630	8612	2373	3674	7188	4625	5982	2776	7836	27	7333	2826	1981	6150	7582	7570	5041	9668	9651	4823	5239	4081	3660	8849	4041	6691	9973	6127	8271	3532	2989	9566	3378	735	1082	4323	
554391	 7213	3353	4678	8061	1570	7776	7877	3526	39	5630	5478	617	1212	6000	2479	3018	7976	8647	3869	7103	2028	14	66	7190	7670	4883	5763	8558	2568	9334	9069	3637	9833	1882	7379	9097	1745	9438	3930	6923	8055	9821	2277	8225	9045	5502	6562	7565	1183	923	9308	9652	5879	5068	9990	1598	7594	3919	4665	9408	8114	5428	6108	4057	3542	9977	4836	9783	8600	8146	6646	9584	423	6191	1748	555	9389	1581	6658	4671	6114	9644	443	3024	5059	2570	4455	1696	9778	745	2186	9887	6058	9499	4688	4705	1443	6842	7653	8497	
525805	 7884	7303	4277	8883	5697	8742	311	4636	5579	9750	5881	9058	8392	7097	4723	4989	940	9105	8135	3190	2515	6776	5009	1441	64	3345	8147	6954	5190	884	8128	3152	2777	5143	6666	8435	2492	824	4144	3652	289	8541	5432	6225	6263	5551	807	8397	6971	5946	9846	5135	3479	3127	6211	6602	3262	7407	3064	3782	2603	3272	7921	7769	1303	7216	8414	9905	3072	1931	6883	2468	1381	5625	9321	3737	3910	9244	5266	8907	4117	4887	1702	2716	5446	1252	3961	5293	4506	6256	2615	5698	6472	4071	9565	4425	8529	1567	6437	9495	
556010	 7553	9143	5942	8475	6132	7544	8125	6241	8720	2425	7222	3823	7766	3693	4586	823	7290	7048	2156	1045	7090	7791	1579	5638	7072	3765	3476	6805	1547	8138	3884	5836	7873	5896	4281	3106	7233	4978	1388	3734	3728	3939	3897	5781	4593	5273	2797	9177	4094	8161	4011	7326	8991	513	2339	9634	5984	8915	7399	4133	4212	932	6515	9539	2286	4470	2651	6060	3411	4835	9582	2366	9885	3749	3978	7678	58	5340	6988	2912	1007	9291	9071	4200	5316	5236	5434	6535	6279	3019	9510	7863	9146	6827	7807	5117	7848	2627	9255	9628	
515762	 2208	8610	1265	9790	5449	7463	8056	1564	7346	5524	7413	2279	4503	9314	7050	2804	8804	3120	6836	629	3686	8335	5365	7487	7471	4374	1925	7773	3364	6674	9857	876	7283	3791	892	1566	3256	4164	8296	3912	5606	195	1399	1795	883	8794	8622	4102	7999	6755	5208	5458	5383	9168	5079	420	6870	918	2833	8310	3309	1208	3410	1670	8067	2735	8547	9757	1398	1898	3965	5291	8710	8174	5131	4650	220	9608	616	9958	5583	1126	7278	9752	8654	3495	7940	9480	4105	5909	9691	6381	53	1430	2119	5971	8723	762	4613	8204	
454761	 1041	1010	4563	1986	1713	4558	1284	9842	6593	3682	8643	1960	1509	4136	9559	3459	927	445	7125	1669	6255	618	4583	4346	1244	2523	7012	3389	9191	8155	1744	6233	9728	9142	3999	1018	9111	9330	1447	8667	1735	3229	3137	1327	8140	7019	9719	163	2460	9746	8596	1602	1851	544	317	9888	9042	7394	3931	2138	1548	6580	7762	7056	2954	6095	6526	7228	9517	3085	3608	3771	2942	7005	1405	1777	3058	2918	5882	9378	5295	360	1761	3803	2555	1356	2311	1585	492	813	6891	5218	1922	8768	7016	4421	8344	3645	2782	9911	
537967	 8382	8096	7144	5759	6370	5886	624	6208	5034	3498	7119	1987	1287	6387	3867	5921	2940	9428	7718	9292	1186	4574	9504	2447	6017	3083	2226	3265	6513	6498	9689	8167	3435	85	3696	9445	2018	4034	9878	1344	9737	8014	7958	1620	5106	3525	9027	7014	9007	494	8835	3352	5532	5246	2093	8371	7055	365	7120	2962	8646	2961	7115	6084	838	6737	1378	1672	4235	3236	6251	9478	6799	8627	5016	3716	4100	4958	2704	6956	638	8941	8594	7989	8386	2708	295	8978	7572	6416	9109	3520	4431	1924	3612	3709	8847	6745	7924	3638	
501860	 3902	1339	9563	2598	4295	1072	7268	6601	4657	5840	7436	4514	2771	8501	2495	2090	1928	4293	8190	9578	5359	6371	9797	2111	6184	9283	1711	9231	6671	6539	479	4262	5476	5576	8871	1253	1996	2320	2394	515	5312	602	2191	6050	1173	4453	4675	8184	7876	3030	6637	7722	7557	5955	912	6476	104	3993	9449	438	3121	2873	8706	8446	2513	7801	5765	3232	5609	7747	7558	5150	1181	467	6662	3644	3446	9501	8150	2773	5339	1058	8801	7782	945	1718	8889	3183	7132	6983	6139	7347	3206	338	4941	2448	7127	7955	9540	8525	
442929	 160	1535	8267	9029	4173	4528	493	1298	1449	4554	4203	560	8365	2300	7666	7086	527	5776	3049	612	2947	2433	5598	549	8024	9341	1578	6441	2948	1951	3877	7796	5153	2632	3925	7996	3756	7307	8851	6484	2958	7159	9745	1947	5633	4231	7121	4441	4964	6704	4704	839	4556	1364	9851	720	3069	5051	1923	6596	7148	1468	9505	775	2299	8393	4668	7511	8367	6422	8022	4273	1516	3508	264	4594	231	5916	3087	2237	9497	424	1022	5786	2002	5188	496	5406	1808	9333	47	4700	7109	9615	2369	1221	8043	2959	4999	1908	
471283	 9433	2329	6743	3504	1715	1595	5843	6001	5543	5425	8021	825	5471	2780	3987	6373	4576	7945	921	7374	7679	9793	2786	1201	2985	2607	4519	406	2263	4591	2304	2937	7760	1471	4286	3116	6056	9915	5645	7083	7523	3793	9856	6250	2469	2532	1400	3626	5493	4832	8580	6665	8533	8007	9824	4301	454	1874	227	2483	3318	3327	5087	6592	2541	5924	4239	4082	6979	9639	3287	7064	291	1142	8631	6532	451	7398	106	2064	9980	4993	7101	2338	145	5049	1182	7567	6664	4000	1609	1294	5581	4208	668	8933	9798	9860	4209	2881	
498890	 9122	1044	1706	2573	5496	8687	1429	8559	1075	8679	2818	4540	242	4954	6042	3798	7975	5600	1563	9271	4381	342	122	8255	6329	2845	7286	448	1199	8571	2474	7701	9125	6061	9259	4473	2224	8172	4128	3896	4968	498	4786	7273	7525	4746	134	4044	7500	6418	381	9063	9422	3863	843	9476	6409	138	6019	5829	8208	9431	1001	5240	9345	6952	5369	3895	806	9086	6752	2643	3730	9186	1421	1396	3938	8180	3555	2168	3636	9067	2481	9155	4797	2740	5797	4174	60	1998	7787	7212	4533	3007	8884	3050	7998	5361	9933	3119	
495218	 6922	6978	9226	7917	7084	4714	9194	4390	3409	3008	9474	4868	9273	6146	2836	2244	4937	2681	5470	4913	7983	7375	9776	5254	7710	9233	8275	8047	3829	3629	9104	9825	7783	4311	6059	7434	1129	994	1811	3418	4322	35	2508	4960	3817	2177	4223	2639	984	1371	1868	5777	9154	5616	4176	8737	8189	999	1368	405	5490	1300	6459	4975	2644	1812	986	9075	3639	3738	1059	2715	677	1318	7497	1417	6204	1296	1708	3081	7746	6236	8433	2501	8476	8644	430	23	592	7603	6366	8813	8675	9610	1048	9036	8160	7313	3099	3336	
447464	 1413	3430	2067	107	3432	71	4846	5209	1956	969	3237	9622	655	56	2113	537	2841	9011	1362	4783	1698	1006	9144	3296	5599	8824	7571	4800	8751	7041	3947	4413	5474	65	5318	190	8107	8726	9858	4590	9003	6554	6821	5689	7448	5298	1528	5018	1976	4571	3997	2439	1220	1685	5793	5700	7925	7504	8683	7263	7284	2950	5251	6721	32	9198	285	5362	270	4980	72	6696	8585	8492	758	75	1366	5100	5217	2475	3646	5177	3186	8567	5948	8519	5090	9137	1361	2037	4681	4985	2163	7456	1100	192	8944	3550	4141	4165	
441834	 753	8297	1657	8754	5675	2527	7112	4190	81	7382	9149	4074	2685	395	8072	9955	7716	2084	7432	5225	6984	7816	5519	2005	6401	3002	63	2011	978	9134	1424	490	5787	1110	2187	3315	899	2669	2393	8755	7449	3194	5865	1216	9388	5745	5055	5931	5376	567	1729	4504	9138	344	7200	409	130	2667	9148	4859	9472	9923	8426	4351	4343	1219	2435	772	2832	1056	1897	6455	3290	4950	6524	9560	3326	2510	2021	6226	4357	975	2150	2511	3075	6989	1676	2266	5526	2757	6831	8745	375	4132	4863	7469	9221	3847	653	5757	
508539	 1280	8703	3545	2424	3841	1042	930	761	4106	8822	5557	9166	6254	5655	9604	82	5326	3456	5299	5951	9496	9203	3721	9373	2553	7439	931	9601	7737	4492	2104	7098	8721	6793	9218	7183	4156	1330	1251	8440	3241	2903	2656	2806	1941	9551	8748	7574	3959	5102	8026	3635	7201	9261	5001	9362	3932	6844	3970	9023	8739	4345	2399	2827	1799	7474	9837	2637	6213	5626	2101	3528	6328	9811	8995	1093	4252	5230	6303	2529	2038	4760	3538	8858	1078	5945	4729	1514	3213	5375	5966	5622	1107	2047	6112	3659	2493	6719	3398	922	
552498	 5498	126	4945	7560	2351	8852	9212	9816	8570	9367	6945	2504	8294	314	8507	6301	732	3440	6888	6763	2514	6453	7128	5005	9550	3868	313	9898	9771	2065	8693	7187	8502	8663	9593	2040	9721	7821	7744	8735	4240	1458	6684	8778	6533	7129	2471	2545	5669	3447	9085	3032	1831	9236	6194	5665	5866	5841	6732	4734	5537	3399	2599	2344	8593	5632	9954	8943	3176	2392	3913	8479	5317	151	1508	5315	916	8200	6689	7498	5878	507	185	777	5025	7899	8582	8031	7479	598	1407	8110	5509	6065	383	8045	3656	7870	5954	564	
520950	 1188	6380	840	8552	7440	2170	5900	8477	3192	7116	3722	33	7732	7813	8521	8341	5861	1671	7618	2589	9638	4687	7409	5437	6661	9295	4843	2378	4995	3766	7042	6626	3739	5019	1858	1147	4708	4442	3807	2422	4469	9976	5608	8551	4597	8263	7430	1380	9884	4271	4866	9893	1352	4731	4169	8285	952	683	3211	9759	2203	9452	4053	9643	1439	4536	6446	321	6770	7194	7980	4637	9909	8005	7169	2636	3179	1833	1614	3494	8012	8986	1865	2306	6433	2886	7067	9325	697	8040	3976	7828	5141	6179	1596	9080	8674	679	497	1765	
498320	 9406	3524	4844	4742	506	3816	7912	3806	4054	2878	305	8251	9590	3096	8719	9896	8111	2249	2672	640	1654	5883	458	754	8575	2158	336	8000	3521	9838	9561	7503	1830	1774	3883	9463	556	1406	2571	6720	7435	4926	7652	7220	4856	1134	5156	9762	7415	8079	384	9400	664	9153	1248	5271	3044	2700	5384	9653	822	755	1023	7157	1113	546	8242	6299	3878	5066	9930	3293	9890	2250	9326	4032	4664	4534	4660	9216	6503	7204	6728	4724	2335	8714	6810	379	3541	4802	2276	738	5672	8760	1965	8013	3322	8129	7942	7070	
467463	 6306	8954	280	2587	9092	2953	2663	2711	3744	5261	2380	5198	2883	1121	2746	13	5898	3319	1630	5640	8968	2278	8990	9228	2844	3387	3822	6833	5189	3383	4947	1740	4490	6860	8902	7602	468	9546	5575	6589	5414	4768	6068	1397	2361	8656	7003	8444	7532	3331	74	4654	9280	201	1355	6881	1616	7217	3448	2966	5570	9511	8066	5915	2346	5366	3492	4718	1333	3642	3786	7327	8036	8362	2172	3328	5418	3662	1959	5846	3369	6140	6466	2679	8132	866	5746	2626	4944	2290	8527	8059	5232	4104	1224	1635	3363	5747	4018	2755	
496465	 212	4651	5178	4400	5520	9699	9692	2705	2443	5080	1660	355	7966	6924	8681	6698	4680	2179	8782	797	1264	3200	2864	8410	7777	1634	7984	8145	367	7426	6240	1502	5857	1394	7748	2375	487	1695	5436	154	2343	5668	3073	4414	1580	1632	6723	4013	1742	833	199	7780	8351	7719	7419	9358	8722	5374	7230	9614	4185	7231	5181	8947	6071	7644	9843	3335	2723	8494	3585	776	8054	643	2253	9989	3926	9083	4505	4180	3299	4798	8383	2025	4427	350	6897	5164	8166	9464	7258	3815	2736	7819	6711	4433	5031	1148	3873	5972	
470315	 6997	834	2567	4045	3426	2202	7752	8672	450	6492	8698	2935	9829	4270	1885	5907	3924	7418	7071	1682	1954	6035	7207	8862	3774	7462	5083	6300	3193	3485	2916	4103	273	1994	5950	4853	534	1493	8546	2058	3334	5704	8886	6872	265	5996	3122	266	385	9521	7524	6004	9351	736	8261	5934	5395	9963	5008	6595	3946	4771	905	2355	7376	3617	470	5255	6172	7422	5166	5462	3862	1531	4849	6118	5204	8786	9819	5908	77	1978	5805	6264	1069	1967	6701	784	3274	2316	2185	4897	6178	2010	1532	8336	8396	6075	3918	5306	
527978	 4220	7788	2816	7889	4618	7795	6946	6738	1014	8169	4508	9238	619	9342	7108	4852	5463	6246	5234	3437	4178	7066	6982	366	2764	2752	7830	3481	3039	2406	4551	7596	6792	2102	6036	8445	4845	1403	7489	7269	1788	5691	248	2601	6749	9229	9708	7790	6421	9931	6911	5546	9224	3768	9459	3392	6519	1290	9294	2635	4219	5613	1884	1433	3286	6619	2857	1904	8230	3375	186	3916	6338	6797	5506	3811	5821	7871	9760	4677	6606	1568	3872	2333	7484	8578	3473	3949	9129	9103	2852	7750	6242	7753	3216	5832	5064	94	6408	2943	
503819	 5029	8685	5195	3963	166	949	5875	8231	7604	8795	9458	8019	3488	7548	4881	203	7400	5267	8952	919	4963	4027	1750	5379	2796	4004	9661	8729	9589	2583	5386	5568	7131	5680	9714	4527	734	8080	561	8973	444	4973	2016	3776	2388	7130	8350	3330	187	4347	3314	9128	2003	1721	2051	1934	9809	5801	191	4962	8015	7757	3705	2899	5685	8312	1588	4906	5013	5590	3825	4151	6567	1245	4309	947	5231	1423	5653	5061	8438	9957	7271	6959	6148	3616	7502	4889	6560	6468	2265	9112	7318	565	5094	3401	1276	4194	6850	5737	
530671	 7533	885	4773	9541	3968	3812	2281	6734	3376	7534	6414	4779	8819	9420	6206	2671	239	3118	9598	7555	4294	5558	6066	2387	9072	404	1518	3984	965	9872	9019	8697	351	7512	6435	5766	852	5099	8483	4055	8936	764	2137	9288	8378	8937	90	2572	4568	447	9268	2557	6031	5065	9206	7301	6928	9151	6167	9528	6576	4585	3757	4570	1279	8532	8949	9242	8441	6651	756	2153	8623	1850	7195	5910	3055	2020	3419	5566	8727	3273	5113	3743	6308	9377	3647	7022	8126	3990	543	6029	7192	4257	4921	5929	818	1993	4101	5469	
495653	 8346	3280	7180	8601	9412	3695	6914	4006	7965	5118	4640	8669	1116	2770	9356	6846	284	8783	3266	3054	5582	6429	1537	5587	1824	8848	3719	8566	5492	5852	3582	2258	2866	4196	3595	9822	9426	8289	1387	4443	119	997	5643	5062	4607	2379	4326	7802	5796	5639	7186	2402	1239	6356	3779	1102	148	2401	1645	8083	2677	5455	7111	2712	2732	2754	1807	6618	2813	3441	6894	3937	1773	8237	88	8053	1334	8793	9529	9222	3079	5678	9340	8598	6182	3602	453	8355	3882	6685	9897	3496	5938	5392	8602	1027	9717	4791	1418	229	
520715	 746	312	6511	2001	6868	8834	9323	3189	6266	5939	2594	2917	7754	8187	3428	9039	8938	8518	4228	3893	6672	232	7895	3745	8211	1466	6131	353	3004	2517	262	9462	1517	1326	1376	3333	5983	1950	6021	3505	7209	3908	8806	1479	6024	7248	646	7933	7297	7707	4237	7885	8929	6581	521	6966	8996	9901	8959	5849	8308	208	9471	9074	4157	4622	1805	1228	5940	481	4284	8264	7013	1644	1608	4065	5775	9162	1714	7454	6765	3095	7357	7620	5431	6262	9733	3892	4168	1194	4778	7686	6311	6636	3887	9284	1817	5716	4652	6627	
513521	 8270	8850	577	403	7473	3989	1249	794	5262	7423	3571	8139	2576	6394	7126	3051	9145	1877	5122	1180	1560	3876	4430	2390	9914	1386	9975	1164	6049	4855	5604	9658	9945	5159	3690	6912	382	2288	5171	7305	1673	296	7260	8682	2869	9764	4888	3001	1597	2924	8909	2894	228	5814	3943	4023	9751	9465	7680	2112	7878	4361	517	3758	6385	4523	157	7798	9624	8664	2307	6814	8322	6089	722	5976	9108	171	9514	6528	4880	5268	6293	3385	742	4518	5554	4627	9526	4979	8609	7685	9443	5473	38	8733	8747	4005	7385	2458	
510943	 3205	2144	8569	3478	621	575	9587	7702	4592	512	1135	7100	7508	8930	9556	8828	6188	1321	3536	2367	3350	6625	3042	6430	7665	9175	9354	9852	7952	759	8088	5637	5115	9021	8092	5167	2091	9415	3458	7689	4109	96	1108	3808	1985	7561	8516	1009	4352	6340	4587	9335	2561	4648	6645	437	306	752	4183	9704	6202	1641	563	3699	2534	9061	9788	7913	4766	3735	6339	4026	6543	7951	3731	6180	1324	5260	9508	8291	7177	7932	6586	1751	4529	970	634	1238	5601	9195	4399	5037	1053	3368	1910	3450	9536	7638	4048	8363	
495059	 42	3724	118	558	9118	1800	2131	5245	9098	1900	8539	1999	9300	3313	5279	3789	5694	9534	3775	6382	9818	2403	7633	5286	1573	1331	3573	626	9512	8780	5947	6717	3842	7562	6969	7396	7986	471	7647	2496	8316	6110	2840	2846	473	9113	568	6726	3569	9466	1004	3160	9781	2060	5722	3400	4639	5096	8324	3813	3810	9135	2769	1938	8086	6710	2497	9701	5943	499	7883	2530	3804	2668	6092	6219	510	5736	6980	709	8542	9002	5708	4316	1229	728	8057	6700	2175	6344	9479	4761	2487	5844	2556	1834	9678	4698	2718	8052	
498693	 8798	1719	4572	7117	6557	244	1259	8198	6249	6510	2482	6486	5784	6570	9418	7343	5988	4186	5396	2858	6034	3209	8874	293	7725	9096	4083	2998	7175	7355	3802	4598	6537	4676	7857	304	3301	1720	3661	6073	5755	1408	2503	9398	9012	8985	2052	4097	4354	6002	3610	7526	757	9253	3905	5550	9437	2328	678	4813	6955	2199	3618	9427	6201	8689	8774	5363	792	1760	4424	4915	1160	1892	2941	6324	9442	5967	3321	9530	6101	6791	5667	2977	6718	183	5978	294	1813	9215	4025	2870	1926	1445	5004	5486	7373	2129	8866	1610	
481748	 4645	6003	3945	6505	5769	4020	7191	979	1218	4360	1145	6673	5082	7846	548	3857	7755	6165	526	2246	7749	6355	3551	6541	9200	6579	7065	5903	960	4242	9702	427	8568	9157	6469	5183	845	142	2354	5136	8641	7193	2533	3234	9642	6845	9436	3477	238	2122	5399	4990	3063	3954	2699	4692	3332	5360	4073	2750	6275	8639	1916	5252	6221	7197	765	5371	7735	8081	8628	9743	1943	6708	4770	5749	8810	2739	9172	5477	3849	4789	3827	4061	416	2285	620	6327	1266	1095	1017	599	7314	2619	5044	4386	6420	141	9543	8660	
522333	 8319	1707	8818	4092	8942	538	530	9573	5864	5662	4626	7139	6052	8331	4795	6909	5216	7970	7853	3759	992	9966	2938	26	1827	8514	9374	9707	2022	4001	3654	8471	954	7812	1661	9726	9827	8911	9467	8634	9114	4060	7102	196	8974	5964	6	3700	8863	4877	2913	1933	8528	8106	4777	5956	2542	418	6398	4324	2423	9301	2050	1592	1133	2691	6197	7659	2359	5072	5696	6434	6716	1040	9059	8144	9165	2898	1410	936	2957	1472	2345	7861	1659	8734	1872	2967	3412	1498	9756	3795	5076	7006	3415	6830	9924	5594	4719	5536	
531017	 3059	9454	2936	6269	9451	6504	3406	4388	9706	4342	6634	9032	9347	9265	246	2825	3580	9324	3111	4417	5169	7808	9662	3175	8287	9046	9102	3013	649	3139	1165	6038	4475	7645	9309	1936	1262	7880	1549	4757	1008	5928	2180	1576	2160	7031	128	3746	2178	7352	8730	380	6771	8041	1717	5705	2908	7057	5381	4553	4119	524	6681	1086	5768	8217	793	9698	1157	5620	5670	6265	8821	8093	6774	6656	4842	8923	7468	2798	5134	8701	6488	7335	9095	1797	7621	7138	867	7429	1647	7839	6082	7667	7264	7881	606	9100	1161	3300	
496112	 6351	4487	2356	2596	8797	1489	6775	2767	770	5818	5963	2273	1273	5772	6245	274	6508	1309	1286	3162	8257	5350	7564	4762	1246	6890	6566	2915	2347	1726	9117	2621	3195	3145	61	9448	9171	8332	8989	6128	6170	2241	9184	8334	3572	345	3136	7158	3267	6985	2506	1174	4867	155	2749	6103	9121	5416	1258	1913	3929	8292	7700	9895	5348	4402	6185	8430	2850	1736	5048	7636	5853	9048	2781	1975	8702	5243	2670	362	9836	4419	5126	4202	3554	8489	178	3702	6620	6320	4694	4218	9182	5175	3403	9381	8957	9723	1539	9554	
504990	 6613	6852	9681	5868	4130	5890	4756	4422	4869	4302	2673	9748	6120	6906	4250	5367	2696	4893	9044	4552	316	8449	5003	5802	8250	9164	2134	6812	8560	5952	327	6876	9379	8293	6575	3906	1348	6218	2094	3830	6798	3936	6694	3291	2048	455	5869	5197	7786	9936	9675	849	1347	2254	635	2714	1948	7859	5454	2968	9337	7358	8753	152	3675	2454	2218	1846	5459	6571	7954	2760	3218	8976	571	6986	5591	3084	5109	3714	1242	4288	6257	8803	828	3671	3844	9538	6706	5681	5438	5711	4182	705	6425	8864	7962	1415	6663	348	
551870	 4603	1357	3271	1036	5636	3357	2012	9600	5354	993	6522	3475	2982	4042	3090	4480	4531	8887	8423	4769	7310	696	2521	6568	6818	8366	6834	9555	3921	4984	7457	1032	5904	1962	4079	5259	5288	6729	8299	8185	6642	6994	8998	3180	3861	4882	7344	5547	6090	5289	5278	9998	2446	9676	8403	8473	1319	322	8814	5894	2756	3482	6748	8857	4706	9447	1473	7208	5845	3027	6801	4567	4224	1136	8102	9772	7460	853	9405	8969	9450	6164	9180	6875	9070	8459	8309	5465	5137	2315	1250	1678	1918	663	3755	9853	9656	6357	8380	3461	
561987	 7627	9840	7262	2544	6432	5235	7033	8873	6678	9729	6918	2719	9665	9697	1848	4616	6158	8905	4248	3340	3685	93	9210	3783	3886	1177	8495	6460	5257	9101	1329	8235	7695	8156	7494	3531	2987	9904	37	5561	7288	8861	6972	1427	277	4372	651	3199	422	4415	6162	8750	9081	6769	7198	8424	7815	7988	3549	904	887	3591	6423	7046	7133	6741	5002	5011	7184	7649	9753	7893	254	6447	4851	7814	5986	5523	5703	7444	6379	3819	2472	1227	3680	3928	54	6877	9775	7054	4500	7705	569	4201	9073	8223	9657	5244	4767	4481	
432801	 6200	4827	4892	2558	3297	2231	24	9921	5806	4658	7591	1299	3698	8963	3991	116	9225	7261	6563	2923	8354	2745	7575	177	48	5997	7481	8436	241	578	6499	7554	3250	7167	1062	4820	11	4486	358	2436	7997	4095	6079	8740	7864	7743	7001	4008	1768	5751	531	7076	547	6713	169	680	2614	8194	8472	985	9640	1191	1167	7232	9211	2546	8823	536	485	9298	275	5819	1783	5605	9854	2861	4927	3091	1499	790	2490	1688	7421	9910	2088	1363	647	1103	6761	225	3750	8731	522	3577	8645	8711	2296	1907	1862	125	
547031	 7256	6697	1342	170	1247	4404	4784	7539	963	8615	3831	1633	9785	4007	3316	6803	1778	6862	580	8812	7323	554	2337	1881	6692	9078	5651	3490	9360	4291	9020	5760	2365	4608	8339	7377	7446	8498	4221	8791	9364	7994	7967	5891	763	2121	6360	865	7803	8038	4049	4717	2313	9812	5442	7874	588	8606	972	400	6895	9844	3320	8017	1683	7282	5038	6331	4549	6709	2305	3676	7761	7622	7104	6431	3942	9805	7724	7625	8236	7943	6232	1758	7991	5281	6304	6806	8303	2195	8377	8799	4245	3491	1771	3596	9677	5145	7240	533	
466480	 2872	4036	4017	7759	9312	7902	6347	7827	9266	1084	3575	2066	5006	2205	433	5714	8788	628	2247	4601	9346	4283	7360	5074	4260	9518	2676	1267	8966	4633	7785	172	1320	5723	7254	268	7531	1818	2234	7756	4449	3148	1623	8216	218	2398	3764	4619	6159	2710	202	8406	5999	29	1734	2964	6965	4891	7341	962	9568	5435	6047	3003	5154	4063	8603	6690	5296	3015	9770	3242	9623	2680	7824	9680	7027	7349	4507	3643	250	6794	6207	3977	3198	1283	8008	4521	9777	1425	2800	1446	1496	3000	1787	6815	4459	3443	398	1451	
528005	 6866	7650	7350	1141	7522	2848	4482	7541	5712	1691	9525	4589	4439	5292	368	4428	4804	1231	6657	4392	6614	9523	2910	8358	2042	6477	971	1828	6085	5959	8389	475	2331	4155	8404	7087	6629	816	3227	3108	8921	6879	6572	6332	9343	2360	3077	7668	223	1080	3466	9774	2076	9278	8425	8837	5589	6289	7081	9254	2488	1921	8277	6136	5095	9965	1639	7389	3020	452	3386	5912	8273	907	5673	2828	5325	7174	7550	2358	6411	8903	9176	7822	1763	8642	4348	9779	8932	3016	5142	3181	656	3420	9522	1152	5285	4790	4959	8898	
471157	 6688	3244	6277	1770	4830	6445	9091	593	8975	2297	5015	4192	4362	6480	216	7953	4089	9835	3673	8686	1150	5355	3298	4317	7085	5782	3222	1187	4808	2214	8584	5767	3565	8023	6545	8640	1664	374	3031	519	5192	7605	5070	5658	9369	1905	5919	5149	3628	3076	5063	1611	4426	3603	3747	2083	7584	1793	1382	8899	3874	6908	1428	7623	8376	442	123	5328	8176	1392	9972	8565	1243	1737	2420	1209	8290	6126	8480	3684	8820	9999	7672	3653	2385	5323	2930	2039	1237	740	7855	5228	5112	1501	9527	8219	4187	1484	5104	143	
492937	 4873	7904	4875	3221	1832	9585	1606	2489	9272	1163	2498	1079	6367	6183	2945	1997	9363	685	2248	9766	86	6048	5302	2007	1257	9507	9052	3035	8468	2216	6081	184	4085	8372	1020	6930	5734	6944	4485	9734	2019	5309	5213	2978	1495	4234	259	3885	1314	3579	2096	9625	3165	2327	2242	5944	5930	6760	1890	3622	1254	1459	1974	8955	7270	8845	1666	8940	5274	5949	7051	8091	8104	9663	7867	7302	8065	8635	2227	6847	9611	9513	4166	8437	8982	8196	5505	45	3904	5614	9028	310	8117	2789	2162	9208	5151	319	1453	605	
482681	 4955	716	2035	9984	5823	9533	5484	8399	5010	1752	862	3770	8058	6215	9492	7089	3343	1206	5542	3109	3689	6244	6374	1019	2478	4115	2772	1274	1491	4012	8105	6772	6929	137	3837	2149	1179	7045	5661	5690	8452	4179	5158	8073	4817	6268	6442	6145	1066	4578	9995	1939	4159	8101	1776	1281	8816	2702	4774	8360	8137	6931	4238	4672	8895	6500	3424	2728	747	1452	5932	3973	7316	9440	302	5798	2997	5	9613	4872	397	2641	4833	8608	5210	6668	4232	1722	7617	6119	3101	6214	2188	4934	5899	8461	1450	4728	803	8454	
469652	 830	1679	8840	2605	2357	5294	6129	1728	5165	9535	1754	6155	1802	811	789	2505	2963	6388	7888	6273	2445	1961	7826	4300	3308	6349	2584	6094	3915	5514	1880	3337	4948	421	1440	1469	6491	7552	2593	4809	8001	7074	2884	8183	2220	129	8671	1214	5191	2660	5578	8122	2690	2902	3317	7431	6693	6011	5272	3171	5194	798	1068	6582	9077	4298	1272	2602	4126	6517	6007	3082	6950	4450	7405	6859	968	2860	7339	4304	7990	4313	7403	6426	6849	9417	9350	5205	4292	5826	581	8173	7450	1849	805	5071	2427	9985	9394	6948	
523357	 6015	2554	7029	8279	8573	4788	5091	8090	9366	6507	6417	3029	9235	7152	3625	8960	9375	8245	4444	1867	509	7632	3983	9498	2204	1857	8904	4149	2731	8893	8505	7946	951	8133	8690	924	1529	9799	3263	3548	4261	6529	5813	6186	9630	4663	3480	7770	2595	961	6900	8709	6682	5800	4198	6111	8306	3604	2173	4406	3294	2785	1909	7615	4124	851	4070	3967	2053	5926	2043	2618	2808	4331	2880	6832	9877	3578	4393	6960	2817	9006	1052	7008	8515	5693	449	9710	3796	7247	5338	7926	2377	2693	2309	9401	2638	5130	4914	1358	
480360	 6154	9588	2879	6093	8581	2931	3529	7631	4701	6509	1420	9047	7154	9738	9248	4275	2342	1525	258	8345	7547	3372	4584	4494	5835	3859	8676	8262	9376	1223	5468	1990	5573	434	1930	2847	9179	5654	6973	7738	585	6176	4628	387	5893	7452	2459	3460	7185	5253	2349	1992	2143	7365	3633	3773	1551	429	3703	9813	3408	2200	6705	260	8688	5047	3497	1393	8295	3875	5855	1114	3235	341	4894	4983	4876	766	7598	7164	1544	589	2421	9178	3404	8892	8327	3880	1604	1128	9545	6010	1982	7995	3344	7367	8302	4401	501	8561	
536030	 9116	4987	2196	5706	8908	6733	4484	6462	6910	8470	2698	7908	622	5182	2610	632	6109	7329	8199	4857	292	6270	6054	7957	6838	6335	4411	9124	8214	5790	5405	502	1176	2820	7507	4905	4623	1463	9328	9814	9581	8175	9883	2426	6439	6976	4895	3763	6160	3144	4548	8971	2569	3275	1178	9329	1285	6113	3567	393	2450	3605	2720	7831	6153	8691	4541	1230	3092	1375	8992	2418	5180	8881	7765	4566	9666	3225	5391	3422	6677	5377	5300	8100	5343	8637	3452	9147	408	9605	2829	8253	4139	6063	1282	6282	7499	3249	8827	2751	
540509	 893	2734	2229	3911	9209	4333	2783	5610	4222	9304	97	7974	8260	7224	9627	8266	6714	460	1536	6813	6330	9920	3143	1120	9720	4763	4957	2046	860	2089	5125	7241	3547	584	8648	4602	9331	4878	9659	8920	9185	6310	8281	4848	4674	6766	3664	6305	1409	2317	9968	9395	4364	9964	7714	7535	5311	7930	6786	2190	5973	3502	4143	5541	1784	8536	5161	1991	9564	9863	3590	2164	2526	4009	4501	946	7720	6722	144	6591	8368	7106	4696	4489	8490	8420	7416	3128	7692	6607	3246	4408	3465	3258	3753	3025	5555	8695	256	8867	
507118	 1203	4328	2519	1937	9768	8	5322	8374	2552	5923	6787	5200	1156	7706	9686	1565	3066	8917	9870	3047	4829	9202	8050	3150	767	8927	5186	5752	288	4684	1903	610	83	7599	779	540	9371	6523	9959	6740	928	2189	9830	4738	3346	3174	7259	7384	8994	7528	5346	6843	4682	6999	3451	7517	3988	6550	2126	318	4930	7049	7616	9591	6171	836	5549	2087	4667	2733	3889	7351	7851	2907	4320	9239	117	1527	7847	750	7745	5958	3134	3033	5761	7053	7095	6464	7296	3606	7420	7401	9296	8554	7000	1983	1123	1482	1686	9935	
501420	 4819	1175	1589	1097	6025	1497	541	741	8629	2951	6809	871	9952	8488	6473	8589	2108	5824	2988	9918	2086	9949	6099	7772	9934	4669	2321	6125	2814	4610	5730	6147	4137	7272	3499	2994	1370	6134	5851	891	7324	2642	7026	2298	4022	3955	7353	8591	7475	5830	2885	3455	6400	4447	3184	8402	4898	6057	7905	8373	8284	6378	938	9736	786	8757	1712	4693	4912	2201	17	7255	939	4524	4670	7298	3061	3142	4241	2794	2975	7395	1889	5421	9344	1236	2383	9338	6413	8224	3444	6767	3641	9695	6427	8484	744	7779	2181	7292	
480097	 4056	1626	4916	2264	226	1638	8499	8619	6990	3102	6292	5987	9765	4702	988	1474	2509	5885	582	1099	2581	615	6617	9049	1490	8210	8298	6237	995	8157	3305	944	4516	7923	4226	4539	6958	4810	2118	1524	9281	2210	1932	4907	4249	7613	694	5373	7251	5258	1650	3022	8865	329	5911	2657	6873	3688	5720	5129	5007	5368	4840	1073	7010	5457	4318	3164	6926	1360	2068	7068	4730	9133	7491	9285	5345	3255	3980	6975	8717	2159	3922	7566	5828	6440	9033	3040	1782	8164	2682	8732	9558	7820	3950	6935	3729	1503	6597	1144	
482980	 6291	4834	6598	6386	2629	2261	5351	6789	8611	9279	219	4154	9937	9861	3790	9647	3167	8076	7018	914	897	6874	8134	557	8124	2895	4253	6660	3704	7592	2528	9227	3969	712	1984	5731	299	1838	5450	211	1847	4546	7646	6987	215	7698	8617	2132	9971	3611	410	257	4713	6489	9784	3891	8708	7568	2372	5508	1456	4397	3217	3034	3632	2565	689	5686	3264	8432	673	4620	837	9310	6077	1887	7841	3324	718	3413	2127	5120	8524	1617	8910	5699	1146	8924	3609	4577	1767	1461	6342	9506	2209	7858	9633	9594	3956	4908	
474193	 7901	4264	7641	2370	3489	440	7694	3329	7490	6471	1692	3589	2939	7969	841	9001	4870	3563	9950	8280	2314	2409	9991	6076	8462	2952	1919	2106	1323	2085	4207	2449	4046	6782	8771	877	3098	7811	359	8369	2438	7944	251	4278	4884	1640	3821	3036	1810	1929	388	7113	3751	6199	5676	7978	6121	3903	9232	1878	3785	8531	2838	6295	848	1101	9810	9570	6886	6867	9355	4575	8749	40	222	3634	2646	9315	9618	795	1522	8448	1977	2688	3901	2238	6616	4716	4826	4243	3512	3259	3678	6654	6280	3523	3397	6482	8870	7424	
475414	 1211	7589	2640	4368	903	3380	7939	3543	1814	6778	7105	8562	9396	2061	8195	3166	7717	3147	1646	3670	5764	2092	5222	1385	9013	9430	2110	52	6205	9483	4691	9167	5528	1534	8089	2793	1658	1332	8838	625	1540	5337	8337	1935	7961	1029	7731	2174	5991	1655	1260	6238	8859	4395	9569	2400	7797	2631	1432	2302	8509	2653	3658	1426	5553	4024	5834	1612	2382	6811	6747	3655	9876	337	4259	7411	9181	9828	1151	332	5460	3710	2073	3615	2453	5344	5101	4720	1762	8638	6588	5969	8387	8221	1553	8787	4255	4755	6933	1437	
481290	 2701	3067	1952	8098	1816	5540	5586	9014	4451	4468	1278	2259	6855	4782	2905	8348	4052	146	5303	3088	217	5998	6903	8370	1416	5858	1709	2729	3303	4340	115	5718	9981	9287	3028	644	6936	8428	9649	5962	4458	2628	7386	873	3396	5740	6008	414	731	1970	7723	5596	4986	8877	5695	2807	3056	3177	6451	5491	1599	3463	4446	4251	2103	4076	7911	8773	7730	7094	7862	7818	6624	669	9057	3613	2973	2792	900	8330	9282	2262	7789	6228	3427	9542	3342	3723	5356	3124	103	4375	6669	4460	9460	8588	8604	339	874	7896	
512676	 1402	9881	4195	7551	3501	7294	7973	5621	5046	2548	6943	1785	3979	4743	4268	9855	477	6260	2822	7142	5914	2805	9899	3065	4725	9992	2512	8142	9140	3467	1109	8193	2516	8503	8802	7059	5953	4970	2956	4966	8205	4466	5815	5045	9787	2301	8715	2215	7684	1485	3204	3487	1603	2928	706	2722	9886	5721	49	8118	4796	1310	6064	2275	1	788	3325	9293	5647	4502	545	6364	8439	3607	9260	5185	278	9290	2451	9520	8274	1629	4279	1153	4614	8839	1043	7480	8980	8916	3251	7342	1460	639	8762	4526	4787	8282	3752	9612	
483078	 4356	9960	9150	6615	7372	3994	926	2689	5538	7464	8587	9919	8248	7134	8082	5308	1845	4177	2135	1836	1207	6102	8197	973	3253	2906	2645	6653	426	389	4303	6117	5443	4140	3666	2763	9583	1448	6536	7332	8388	9892	4617	159	4047	7275	3784	4864	7002	377	9010	9894	3212	8063	1668	8970	4903	1555	5237	1899	8035	4296	7513	7935	4452	7245	1667	3469	3	413	4543	3553	5548	6224	8222	2654	390	1261	5619	847	8192	1796	7466	1911	7918	3509	7577	2434	7506	2212	1475	8158	2664	1561	3510	8800	5522	3601	8168	976	
436086	 2578	2407	7451	1389	5353	4615	7546	4463	9005	1200	5935	8769	7929	729	5742	4520	2979	7214	7062	2430	8474	5870	4904	5901	6957	8956	8523	4229	3103	7910	1533	532	326	4942	5305	1747	1478	1798	2562	1077	4258	1861	8743	3359	3574	5659	2027	6169	8987	309	5807	7505	2271	671	428	7556	15	2992	2647	791	6785	5176	701	5812	6393	4129	2452	4974	3168	1559	5534	4121	5887	6609	402	7934	5445	6520	5039	4077	4171	8632	7075	4624	462	3009	2893	6542	1159	8239	886	1582	895	8564	6247	3107	3858	456	2859	7037	
493932	 1651	9789	7771	3224	682	5684	3304	2128	7586	5595	3794	6583	1957	3824	7438	9500	1587	4436	1125	4710	6781	2604	5012	539	8680	2082	2900	6963	2235	2267	6013	8379	5560	2219	4266	4666	7047	8977	9646	4167	5663	4269	9903	9804	1454	9234	6395	3053	990	2312	3132	800	4096	1051	8207	7868	8876	4329	9515	6403	6825	601	1289	3962	5539	5850	5203	802	4560	8781	4440	6203	252	3154	4163	2155	1346	8141	7381	4555	6392	9671	5965	149	8407	2597	340	9688	9742	2310	8028	6458	4369	4635	7017	7311	4350	5040	4825	711	
513195	 4542	9969	1594	3323	3672	5385	7206	4935	7713	5518	7309	4994	6996	726	9670	4233	8712	7171	483	4818	457	2009	5173	55	1122	4545	8227	446	9106	5825	8457	7147	1749	5403	7842	6754	5803	2695	2815	2543	2293	9213	4561	4972	2133	7741	550	8684	4465	3228	3772	8716	8665	889	7477	4383	1003	1487	2252	7611	5773	817	2834	8234	8259	2537	4754	1270	3311	7545	9841	9386	7140	194	4632	6230	5187	7009	1210	5710	9986	7642	7837	9794	5233	9193	6181	9730	436	1050	1806	9064	1879	9189	5585	8394	4699	8809	1684	1894	
499496	 6483	687	1569	5464	658	4476	4394	120	4285	5042	6124	8579	8636	9276	5280	859	9482	8704	3966	8586	9348	1067	9891	4513	4080	648	8170	478	2055	3564	9237	5043	5762	6702	1481	675	4210	8116	9864	9978	5017	7751	3006	2809	6974	3581	2476	1083	1196	2069	719	7239	2396	2633	8696	2107	1966	5634	1149	6424	95	3094	4	7199	7825	5098	5238	2713	6784	2758	613	5867	1297	7671	2456	6611	7063	8513	8381	8763	3694	5960	5974	8972	9365	9693	9599	6712	7492	6130	1379	2080	9700	5701	3593	290	6880	3158	6599	6005	
502708	 3996	5556	5084	9383	8613	7593	3780	5652	2410	2063	2901	6496	233	8500	5014	3587	8900	3546	6856	5985	2140	4920	9993	2078	5795	4998	7639	1545	7800	2566	7509	4002	1295	1927	1373	8039	3281	7078	2874	3527	2230	2995	1087	1730	4712	8391	9303	6892	2484	9062	1674	2888	4510	5078	5715	9424	6587	51	6253	2586	263	901	7726	6753	6773	6175	7015	9183	1772	3349	8338	6861	3374	200	1775	6354	5848	2577	2620	5562	8361	9845	6174	4709	9410	8288	3445	1652	7277	297	7579	2049	6893	3718	9970	9035	2927	6898	2429	8154	
478282	 5624	3890	1305	7146	6676	8896	9160	686	872	981	1550	2890	826	3871	3394	3358	751	6648	559	5588	6506	3667	5223	2694	8724	5753	3960	2341	5132	343	9908	844	3697	8891	8077	1753	7035	2591	3421	8011	9016	5544	8832	4537	7244	9051	9217	8843	1197	9509	1054	7387	704	5521	4457	1065	1940	6384	4544	4310	2538	8657	7781	8455	2280	3185	937	8888	2835	7021	1575	3562	9744	4407	1091	1562	4764	3586	8482	9682	4461	4314	5770	3544	3453	4659	1026	2574	9912	6337	5810	3814	237	2325	5687	2442	6383	9749	2233	8922	
423605	 8766	4952	7971	7155	5467	1829	8329	3537	206	5448	3360	724	105	2240	5335	3417	9791	7308	3017	1049	235	4751	69	7948	5719	3196	7236	1699	1412	461	1969	1172	2830	4067	4379	3414	956	4772	3210	4474	1092	386	3043	2990	3787	5433	6573	1465	4050	3161	4491	9801	5220	6553	6106	3594	7229	3899	7459	9739	3854	8510	3436	9596	7981	2289	941	3845	7972	8549	1979	3769	5656	4033	3046	4969	562	2871	7656	4781	89	1901	189	8926	5341	3519	3201	7322	1322	5447	3507	9865	5033	1311	9204	1636	652	1942	3975	2882	
501157	 2909	8062	2765	7662	2499	4021	1455	8375	2340	3727	2812	5822	4565	7378	7728	8958	8269	4418	9050	4308	5419	7393	8097	3668	1694	768	7663	604	4153	1500	249	7658	5077	5975	3900	2098	1139	2416	4113	9187	3135	8469	9250	909	7734	7093	2256	2182	6436	1794	991	6187	9741	2146	5390	1154	4629	6149	8486	7331	7715	7443	7675	9158	6319	8545	2364	9409	9576	5030	111	6742	6465	9327	7977	1613	8563	2166	3850	34	7304	1731	7640	3944	2502	1185	2795	4043	2029	7279	4932	2823	5170	6991	9136	868	1727	7299	8191	2130	
485022	 5307	4319	983	6757	8048	4181	1819	5574	8209	748	603	7569	287	7648	3454	469	1002	5507	5000	6534	5671	3110	6043	8517	9961	9159	315	7879	974	6937	7246	2079	272	2014	5407	9402	2762	4901	2232	9874	43	2623	6144	8094	4051	3933	8668	1825	9130	9549	594	3781	2117	1457	4093	4274	1716	7414	9243	9264	714	1700	2524	2386	1162	4807	2650	4215	9996	2904	5780	1434	6287	6450	3112	8512	5989	6549	7629	7576	1098	6840	3289	5155	9468	6040	1308	2741	9942	7938	5531	2500	8885	62	6731	8411	2946	5733	3010	8232	
494451	 5035	4940	8226	5276	4582	6334	2236	8131	127	5264	9489	1195	5393	7040	7674	6412	7153	209	5933	3500	1111	298	5889	101	5423	7168	9475	4847	6577	9859	2031	3851	6405	500	4090	5089	9956	4981	5022	4325	888	3614	2217	7992	3114	3233	4929	1523	1662	9353	8620	7496	9548	25	2655	2991	2547	596	6297	1359	4398	6829	1837	5489	5517	8553	7614	8625	9635	2965	6479	4690	713	1235	2161	6467	6854	4765	7249	7267	4801	6835	9922	1190	9357	8775	9636	6377	4098	815	3864	4332	2059	5334	6274	3935	1492	6212	829	7166	
471527	 4938	6074	906	5877	9941	819	3934	6143	4272	4211	4373	6261	3261	964	917	2	3778	3416	9690	6259	8854	5529	3974	1467	5977	4172	6163	7091	6521	2318	1902	1271	3927	269	4445	4497	6800	2292	665	2070	967	4039	5370	4146	7077	6376	2165	2588	8099	4515	9038	180	1888	7833	7838	2000	8988	6644	7968	4749	5774	9882	9161	2652	3339	98	3371	2824	863	9251	6302	2634	6783	7211	8384	6044	9066	8829	7485	3576	2821	9317	4697	5378	989	5332	1558	303	6283	2981	3472	1915	8109	6779	2268	6307	9974	9709	666	432	
549545	 3503	3338	3516	2525	1822	4785	1759	8010	6067	5728	3341	3640	7793	2419	623	1914	8042	5527	6362	4605	7916	9716	1757	7242	6628	6822	6333	2887	7683	1792	3012	9299	7196	5347	9040	7328	925	9815	7845	44	6481	1704	7237	3568	3307	5981	6565	9461	8353	7276	92	4924	9392	7135	7096	6494	6869	7635	591	7607	908	6921	6820	2437	9685	3865	7852	9060	518	3071	7441	5020	4059	6474	5725	5873	6216	9553	1198	7661	5415	1256	9687	6313	6286	9982	5771	1607	3379	9359	9951	3252	7032	2684	4015	9123	1204	7114	5227	8817	
512758	 1786	9987	1513	5402	378	4822	4456	955	2665	4199	4936	8758	7025	1756	8961	6322	2560	9156	3097	7172	1680	8434	9263	6252	3149	9712	6239	8215	4170	7624	8325	1118	9994	2109	1031	587	9025	463	9037	2026	5128	3240	910	7583	9740	9705	197	8789	271	7711	9928	6878	642	7325	6046	9516	2683	7937	6419	9152	7538	7897	1648	4886	5482	4138	9481	6284	4189	1571	7043	9579	2799	4479	9302	1464	721	6612	780	4839	8151	2540	4355	8935	8181	1096	6939	1605	425	4263	1574	6014	2709	787	7606	7036	7082	4162	700	3707	
478908	 2920	3898	4612	1853	4191	9018	1269	3665	1354	6516	3351	9473	7699	3677	5331	7203	2612	5968	1275	520	9413	7681	9126	2787	3457	5572	5283	5735	645	9880	7179	2239	670	9731	9820	7293	7039	5427	9850	2432	6415	8165	1168	4035	2270	4472	1804	10	3026	9503	4363	3141	9967	9099	8543	8220	4744	4282	5884	1556	4750	5957	2788	1841	7445	3113	4630	3361	276	3972	4860	3366	4160	1554	9631	5709	6837	8967	3941	4339	4741	7317	1090	412	5479	7919	583	6083	255	3449	4925	3390	91	4683	8844	1060	6138	3434	7406	1781	
519087	 2983	5756	7465	9722	7767	9009	3182	998	6070	1510	8450	3599	6826	247	5050	2855	5121	1304	8836	5679	4108	1840	3433	6802	9094	785	6345	8504	8964	8177	9792	7696	3178	6889	7774	1891	2444	2081	5646	953	8618	2611	8419	7869	9174	8811	4197	4112	1293	331	8442	5530	9580	4917	3279	6107	8179	8556	2169	7922	6141	9715	3923	8692	7437	9645	8882	600	6777	4631	5219	743	943	3805	6487	9004	7366	4213	3486	9207	5304	6807	356	5729	3462	6780	7163	3833	5201	3348	76	5224	6675	1000	80	1843	1127	6758	552	1912	
488040	 8272	5481	6858	5092	6915	6041	4662	210	6739	4330	8605	9470	8465	7137	5148	2062	5895	1859	407	2507	1232	6659	8009	4069	5411	773	7176	1140	3384	8481	4661	1705	8115	574	9455	5707	2332	7483	3846	6853	5674	5329	2551	2147	1618	6621	5993	399	9747	9267	7170	9219	2811	5382	783	902	4838	3715	4794	9544	136	6750	3347	8506	6456	3021	8826	641	4956	6552	46	9414	9089	2485	7907	7476	1538	1625	2408	417	672	6358	1338	6530	5799	2969	9606	5816	3306	6643	7161	2803	9141	1855	702	7088	6267	2464	7941	261	
445122	 3078	1543	727	5724	1202	2243	4341	1055	8453	3801	328	4737	5215	1462	4600	2649	8855	3826	4127	6917	3725	1328	324	1653	6652	3157	167	4621	3515	5324	8508	3592	2535	5649	2819	8666	551	3971	6198	16	7023	459	1949	2440	3651	2536	150	5342	6725	6133	9873	1476	4483	6361	1886	7915	7315	4107	5400	4992	5597	8356	182	5073	7608	4933	5193	6828	504	3074	5270	8953	2993	124	1642	2077	4946	5702	8776	4290	9609	5872	2294	5992	5429	8087	8736	9597	699	9862	5629	880	8705	7778	1815	5321	5461	2171	3474	7520	
537699	 4775	2661	6193	2120	7470	21	9939	3223	8149	8670	1089	3839	8046	7688	7289	2006	5623	7319	7906	1854	2462	1741	5994	8328	5451	7844	8218	8772	6555	692	7630	5108	2032	7330	4812	5533	8034	5497	5028	2391	5241	2703	950	4193	9370	7843	8764	7306	486	7872	5779	5902	6590	2955	1526	6399	1906	9024	4477	370	6317	9274	9319	3295	3909	2457	1703	935	1689	8934	3792	715	3278	7612	5783	6635	4726	7205	9641	9648	1895	9320	2206	9732	5726	7549	9432	4611	6072	857	5618	996	9361	3151	9407	4965	6632	9305	8352	657	
506708	 8395	8770	3986	7257	1307	1325	7336	4078	5032	6012	7892	100	9434	2404	3220	6715	8186	3717	6341	9245	7447	3048	7626	4953	1119	5152	1557	3692	5027	7805	7854	4462	2717	8247	7092	2986	3952	221	3208	8493	6964	7886	3657	1081	8238	9575	1217	8662	3131	73	8651	6953	3302	3356	6098	361	7733	7291	3917	1896	7334	8653	958	1852	6122	3395	1255	8616	1317	7388	607	6142	9043	5146	3998	864	2023	9306	5627	1189	4246	7061	2911	484	4344	2334	7145	8807	1494	1873	9485	7687	8746	7181	5717	9848	4299	2036	8661	4062	
500616	 480	5631	8894	1779	1131	5319	4086	3130	1681	3355	5053	347	9022	4679	3438	1546	812	5809	3669	1506	5650	8342	3754	8548	6864	2473	1790	8431	3713	1542	224	2779	8577	2630	2658	8401	2609	5110	9703	9444	7563	7202	6027	6348	1624	7493	168	6227	6998	2580	6156	4435	6865	9119	8856	7312	3914	9190	464	6166	6053	9660	7956	3870	2921	4949	1675	9256	5602	5617	3470	4254	7404	5990	9416	6514	6650	2896	7712	881	6808	2738	4116	1337	2115	1864	5732	8931	5249	188	4499	3648	9808	6161	9679	3583	8984	2455	2415	8244	
461118	 7510	7397	1345	5310	6687	6461	346	1980	108	5211	6610	8318	774	1035	6730	3708	6746	590	8557	8276	2057	2737	4874	2753	488	5453	6851	7580	3809	6209	8418	5456	4111	5682	4188	5871	3464	5372	1169	8467	6667	5970	3681	4673	8530	660	6564	915	173	1628	3370	7390	6033	7354	3948	9755	1504	4377	7453	3832	6343	5389	4382	1033	503	6527	4758	4467	7882	308	4653	2352	1477	5979	4478	5607	3920	1883	5440	1665	4376	5162	814	9632	1233	2863	966	3619	8833	6916	9519	5995	5364	5250	6363	6123	5664	5174	489	4532	
476187	 4634	87	1627	3540	8868	1820	6443	5144	7729	7928	4145	8228	4493	9868	878	5172	1470	3254	516	5475	3533	4420	9205	2862	2666	6639	2350	9425	8095	6243	1995	1411	4265	3881	7865	4366	6428	22	7709	4902	5913	7030	3855	2865	6195	9197	1826	6493	3506	5397	364	2145	9453	957	5635	6901	245	2842	2960	6968	3197	9916	6321	1037	7124	662	9577	8148	3570	4384	3566	3736	1263	9667	7011	7664	78	7527	684	9241	1946	8429	3187	8897	6934	2897	8443	2564	6296	3170	8415	132	4148	2303	7151	6569	1234	933	1530	6288	
546658	 6905	5905	6372	5564	5408	330	7891	9084	8311	1860	7676	3800	4579	7321	8652	301	482	7210	8945	7	9017	3373	9286	4752	2929	8728	7792	2606	4530	133	3037	6039	415	7253	4562	7651	401	8914	9758	3172	5927	4123	942	7488	8030	3828	4040	5683	1115	3888	7927	8534	2697	3354	3123	9913	8759	3268	8413	5111	8421	7392	3558	5628	7763	6449	4821	688	6006	175	3557	6104	4997	8860	7784	2466	7221	7742	4409	8084	2257	2397	1917	9490	4412	3748	4244	7223	9403	5107	7225	8815	8265	8002	9318	1312	9336	2417	6920	5611	
507958	 7363	1226	4135	6028	3985	2491	3207	4919	2291	542	9000	1028	8347	2839	7250	8890	3866	8946	4072	6824	2099	3799	5552	8583	1480	4038	6312	4695	4256	19	4161	1301	8300	842	8614	5088	7364	31	7020	7287	9230	3627	1621	3522	525	9484	4569	8409	5516	9275	5657	7832	4899	1401	4496	411	4740	7654	2015	879	2919	7979	6604	7960	5897	110	9240	1649	4733	8070	4512	4438	4525	4711	2324	7004	7080	8487	8451	3584	5847	850	9502	9269	5677	3089	6485	9199	771	3679	8143	8003	491	7682	8540	1577	7215	7931	7069	2810	
471377	 8950	2726	5833	3598	3597	2194	1541	2494	6271	1213	7610	1584	6679	8162	3202	6641	6751	4879	5387	8212	4748	1591	9626	3818	5922	4175	5788	4230	2184	2877	8112	3879	9457	213	7227	8537	1419	8464	2362	5410	1791	5056	7823	6087	8049	3940	959	6907	7655	5388	9694	804	1507	9592	7799	7337	3836	1292	2142	8078	4862	3105	2072	3282	8103	5327	4656	6151	3701	1505	4118	3038	3362	2575	4588	1341	2854	737	4437	4454	1192	4204	3226	3312	6116	2891	6633	5559	3762	7478	1105	4289	2974	6023	9382	5738	9927	2260	2849	4890	

